p 95
l 1 1 18 1
p 95
l 30 1 31 1
p 92
l 1 2 1 2
p 95
l 2 2 18 2
p 124
l 19 2 19 2
p 41
l 20 2 20 2
p 95
l 21 2 24 2
p 46
l 25 2 25 2
p 45
l 26 2 28 2
p 39
l 29 2 29 2
p 45
l 30 2 31 2
p 96
l 32 2 32 2
p 45
l 33 2 35 2
p 46
l 36 2 36 2
p 95
l 37 2 40 2
p 124
l 15 3 16 3
p 92
l 21 3 21 3
p 45
l 22 3 25 3
p 46
l 26 3 26 3
p 95
l 27 3 34 3
p 46
l 35 3 35 3
p 45
l 36 3 39 3
p 47
l 40 3 40 3
p 124
l 15 4 16 4
p 47
l 22 4 22 4
p 47
l 24 4 24 4
p 96
l 29 4 29 4
p 45
l 30 4 31 4
p 39
l 32 4 32 4
p 95
l 13 5 14 5
p 124
l 15 5 16 5
p 95
l 17 5 20 5
p 47
l 21 5 21 5
p 47
l 23 5 23 5
p 95
l 24 5 24 5
p 124
l 12 6 12 6
p 95
l 13 6 15 6
p 92
l 25 6 25 6
p 96
l 16 7 16 7
p 45
l 17 7 24 7
p 39
l 25 7 25 7
