p 45
l 43 2 58 2
l 43 7 58 7
p 124
l 43 2 43 7
l 58 2 58 7
p 43
d 43 2 d 58 2 d 43 7 d 58 7
p 32
l 44 3 57 3
l 44 4 57 4
l 44 5 57 5
l 44 6 57 6
p 45
l 41 4 56 4
l 41 9 56 9
p 124
l 41 4 41 9
l 56 4 56 9
p 43
d 41 4 d 56 4 d 41 9 d 56 9
p 32
l 42 5 55 5
l 42 6 55 6
l 42 7 55 7
l 42 8 55 8
p 45
l 39 6 54 6
l 39 11 54 11
p 124
l 39 6 39 11
l 54 6 54 11
p 43
d 39 6 d 54 6 d 39 11 d 54 11
p 32
l 40 7 53 7
l 40 8 53 8
l 40 9 53 9
l 40 10 53 10
p 45
l 37 8 52 8
l 37 13 52 13
p 124
l 37 8 37 13
l 52 8 52 13
p 43
d 37 8 d 52 8 d 37 13 d 52 13
p 32
l 38 9 51 9
l 38 10 51 10
l 38 11 51 11
l 38 12 51 12
p 45
l 35 10 50 10
l 35 15 50 15
p 124
l 35 10 35 15
l 50 10 50 15
p 43
d 35 10 d 50 10 d 35 15 d 50 15
p 32
l 36 11 49 11
l 36 12 49 12
l 36 13 49 13
l 36 14 49 14
p 45
l 33 12 48 12
l 33 17 48 17
p 124
l 33 12 33 17
l 48 12 48 17
p 43
d 33 12 d 48 12 d 33 17 d 48 17
p 32
l 34 13 47 13
l 34 14 47 14
l 34 15 47 15
l 34 16 47 16

